[
  {
    "type": "mnt",
    "inode": 4026532299,
    "path": "mnt:[4026532299]",
    "pids": [212]
  },
  {
    "type": "uts",
    "inode": 4026532233,
    "path": "uts:[4026532233]",
    "pids": [212]
  },
  {
    "type": "mnt",
    "inode": 4026532231,
    "path": "mnt:[4026532231]",
    "pids": [207, 204]
  },
  {
    "type": "mnt",
    "inode": 4026532230,
    "path": "mnt:[4026532230]",
    "pids": [124]
  },
  {
    "type": "mnt",
    "inode": 4026532226,
    "path": "mnt:[4026532226]",
    "pids": [120]
  },
  {
    "type": "uts",
    "inode": 4026532228,
    "path": "uts:[4026532228]",
    "pids": [120]
  },
  {
    "type": "mnt",
    "inode": 4026532227,
    "path": "mnt:[4026532227]",
    "pids": [111]
  },
  {
    "type": "mnt",
    "inode": 4026532223,
    "path": "mnt:[4026532223]",
    "pids": [133949, 133854, 133847, 92]
  },
  {
    "type": "uts",
    "inode": 4026532224,
    "path": "uts:[4026532224]",
    "pids": [133949, 133854, 133847, 92]
  },
  {
    "type": "mnt",
    "inode": 4026532222,
    "path": "mnt:[4026532222]",
    "pids": [133556, 133549, 133533, 133495, 133488, 91]
  },
  {
    "type": "uts",
    "inode": 4026532225,
    "path": "uts:[4026532225]",
    "pids": [133556, 133549, 133533, 133495, 133488, 91]
  },
  {
    "type": "time",
    "inode": 4026531834,
    "path": "time:[4026531834]",
    "pids": [133957, 133957, 133949, 133949, 133854, 133854, 133847, 133847, 133556, 133556, 133549, 133549, 133535, 133535, 133534, 133534, 133533, 133533, 133529, 133529, 133495, 133495, 133488, 133488, 119599, 119599, 119597, 119597, 119596, 119596, 119495, 119495, 119489, 119489, 117599, 117599, 117598, 117598, 117597, 117597, 117588, 117588, 117584, 117584, 117583, 117583, 112563, 112563, 112561, 112561, 112560, 112560, 112442, 112442, 112436, 112436, 112316, 112316, 112258, 112258, 112213, 112213, 112211, 112211, 112210, 112210, 111819, 111819, 111813, 111813, 110893, 110893, 110844, 110844, 110769, 110769, 110611, 110611, 110594, 110594, 110434, 110434, 110391, 110391, 110387, 110387, 110381, 110381, 110380, 110380, 110379, 110379, 40719, 40719, 40596, 40596, 30803, 30803, 27782, 27782, 27370, 27370, 27369, 27369, 27359, 27359, 21955, 21955, 21918, 21918, 21916, 21916, 21915, 21915, 21735, 21735, 21716, 21716, 21711, 21711, 21710, 21710, 20938, 20938, 20933, 20933, 20930, 20930, 20929, 20929, 20727, 20727, 20724, 20724, 20723, 20723, 20010, 20010, 20008, 20008, 20007, 20007, 19901, 19901, 19891, 19891, 19692, 19692, 19690, 19690, 19689, 19689, 19570, 19570, 19564, 19564, 17894, 17894, 260, 260, 247, 247, 245, 245, 240, 240, 231, 231, 230, 230, 212, 212, 209, 209, 208, 208, 207, 207, 204, 204, 124, 124, 120, 120, 111, 111, 92, 92, 91, 91, 55, 55, 7, 7, 2, 2, 1, 1]
  },
  {
    "type": "cgroup",
    "inode": 4026531835,
    "path": "cgroup:[4026531835]",
    "pids": [133957, 133949, 133854, 133847, 133556, 133549, 133535, 133534, 133533, 133529, 133495, 133488, 119599, 119597, 119596, 119495, 119489, 117599, 117598, 117597, 117588, 117584, 117583, 112563, 112561, 112560, 112442, 112436, 112316, 112258, 112213, 112211, 112210, 111819, 111813, 110893, 110844, 110769, 110611, 110594, 110434, 110391, 110387, 110381, 110380, 110379, 40719, 40596, 30803, 27782, 27370, 27369, 27359, 21955, 21918, 21916, 21915, 21735, 21716, 21711, 21710, 20938, 20933, 20930, 20929, 20727, 20724, 20723, 20010, 20008, 20007, 19901, 19891, 19692, 19690, 19689, 19570, 19564, 17894, 260, 247, 245, 240, 231, 230, 212, 209, 208, 207, 204, 124, 120, 111, 92, 91, 55, 7, 2, 1]
  },
  {
    "type": "mnt",
    "inode": 4026532219,
    "path": "mnt:[4026532219]",
    "pids": [133957, 133535, 133534, 133529, 119599, 119597, 119596, 119495, 119489, 117599, 117598, 117597, 117588, 117584, 117583, 112563, 112561, 112560, 112442, 112436, 112316, 112258, 112213, 112211, 112210, 111819, 111813, 110893, 110844, 110769, 110611, 110594, 110434, 110391, 110387, 110381, 110380, 110379, 40719, 40596, 30803, 27782, 27370, 27369, 27359, 21955, 21918, 21916, 21915, 21735, 21716, 21711, 21710, 20938, 20933, 20930, 20929, 20727, 20724, 20723, 20010, 20008, 20007, 19901, 19891, 19692, 19690, 19689, 19570, 19564, 17894, 260, 247, 245, 240, 231, 230, 209, 208, 55, 7, 2, 1]
  },
  {
    "type": "user",
    "inode": 4026531837,
    "path": "user:[4026531837]",
    "pids": [133957, 133949, 133854, 133847, 133556, 133549, 133535, 133534, 133533, 133529, 133495, 133488, 119599, 119597, 119596, 119495, 119489, 117599, 117598, 117597, 117588, 117584, 117583, 112563, 112561, 112560, 112442, 112436, 112316, 112258, 112213, 112211, 112210, 111819, 111813, 110893, 110844, 110769, 110611, 110594, 110434, 110391, 110387, 110381, 110380, 110379, 40719, 40596, 30803, 27782, 27370, 27369, 27359, 21955, 21918, 21916, 21915, 21735, 21716, 21711, 21710, 20938, 20933, 20930, 20929, 20727, 20724, 20723, 20010, 20008, 20007, 19901, 19891, 19692, 19690, 19689, 19570, 19564, 17894, 260, 247, 245, 240, 231, 230, 212, 209, 208, 207, 204, 124, 120, 111, 92, 91, 55, 7, 2, 1]
  },
  {
    "type": "pid",
    "inode": 4026532221,
    "path": "pid:[4026532221]",
    "pids": [133957, 133957, 133949, 133949, 133854, 133854, 133847, 133847, 133556, 133556, 133549, 133549, 133535, 133535, 133534, 133534, 133533, 133533, 133529, 133529, 133495, 133495, 133488, 133488, 119599, 119599, 119597, 119597, 119596, 119596, 119495, 119495, 119489, 119489, 117599, 117599, 117598, 117598, 117597, 117597, 117588, 117588, 117584, 117584, 117583, 117583, 112563, 112563, 112561, 112561, 112560, 112560, 112442, 112442, 112436, 112436, 112316, 112316, 112258, 112258, 112213, 112213, 112211, 112211, 112210, 112210, 111819, 111819, 111813, 111813, 110893, 110893, 110844, 110844, 110769, 110769, 110611, 110611, 110594, 110594, 110434, 110434, 110391, 110391, 110387, 110387, 110381, 110381, 110380, 110380, 110379, 110379, 40719, 40719, 40596, 40596, 30803, 30803, 27782, 27782, 27370, 27370, 27369, 27369, 27359, 27359, 21955, 21955, 21918, 21918, 21916, 21916, 21915, 21915, 21735, 21735, 21716, 21716, 21711, 21711, 21710, 21710, 20938, 20938, 20933, 20933, 20930, 20930, 20929, 20929, 20727, 20727, 20724, 20724, 20723, 20723, 20010, 20010, 20008, 20008, 20007, 20007, 19901, 19901, 19891, 19891, 19692, 19692, 19690, 19690, 19689, 19689, 19570, 19570, 19564, 19564, 17894, 17894, 260, 260, 247, 247, 245, 245, 240, 240, 231, 231, 230, 230, 212, 212, 209, 209, 208, 208, 207, 207, 204, 204, 124, 124, 120, 120, 111, 111, 92, 92, 91, 91, 55, 55, 7, 7, 2, 2, 1, 1]
  },
  {
    "type": "ipc",
    "inode": 4026532208,
    "path": "ipc:[4026532208]",
    "pids": [133957, 133949, 133854, 133847, 133556, 133549, 133535, 133534, 133533, 133529, 133495, 133488, 119599, 119597, 119596, 119495, 119489, 117599, 117598, 117597, 117588, 117584, 117583, 112563, 112561, 112560, 112442, 112436, 112316, 112258, 112213, 112211, 112210, 111819, 111813, 110893, 110844, 110769, 110611, 110594, 110434, 110391, 110387, 110381, 110380, 110379, 40719, 40596, 30803, 27782, 27370, 27369, 27359, 21955, 21918, 21916, 21915, 21735, 21716, 21711, 21710, 20938, 20933, 20930, 20929, 20727, 20724, 20723, 20010, 20008, 20007, 19901, 19891, 19692, 19690, 19689, 19570, 19564, 17894, 260, 247, 245, 240, 231, 230, 212, 209, 208, 207, 204, 124, 120, 111, 92, 91, 55, 7, 2, 1]
  },
  {
    "type": "uts",
    "inode": 4026532220,
    "path": "uts:[4026532220]",
    "pids": [133957, 133535, 133534, 133529, 119599, 119597, 119596, 119495, 119489, 117599, 117598, 117597, 117588, 117584, 117583, 112563, 112561, 112560, 112442, 112436, 112316, 112258, 112213, 112211, 112210, 111819, 111813, 110893, 110844, 110769, 110611, 110594, 110434, 110391, 110387, 110381, 110380, 110379, 40719, 40596, 30803, 27782, 27370, 27369, 27359, 21955, 21918, 21916, 21915, 21735, 21716, 21711, 21710, 20938, 20933, 20930, 20929, 20727, 20724, 20723, 20010, 20008, 20007, 19901, 19891, 19692, 19690, 19689, 19570, 19564, 17894, 260, 247, 245, 240, 231, 230, 209, 208, 207, 204, 124, 111, 55, 7, 2, 1]
  },
  {
    "type": "net",
    "inode": 4026531840,
    "path": "net:[4026531840]",
    "pids": [133957, 133949, 133854, 133847, 133556, 133549, 133535, 133534, 133533, 133529, 133495, 133488, 119599, 119597, 119596, 119495, 119489, 117599, 117598, 117597, 117588, 117584, 117583, 112563, 112561, 112560, 112442, 112436, 112316, 112258, 112213, 112211, 112210, 111819, 111813, 110893, 110844, 110769, 110611, 110594, 110434, 110391, 110387, 110381, 110380, 110379, 40719, 40596, 30803, 27782, 27370, 27369, 27359, 21955, 21918, 21916, 21915, 21735, 21716, 21711, 21710, 20938, 20933, 20930, 20929, 20727, 20724, 20723, 20010, 20008, 20007, 19901, 19891, 19692, 19690, 19689, 19570, 19564, 17894, 260, 247, 245, 240, 231, 230, 212, 209, 208, 207, 204, 124, 120, 111, 92, 91, 55, 7, 2, 1]
  }
]
