timestamp,pid,cpu_percentage,read_rate_bps,write_rate_bps,utime_jiffies,stime_jiffies,num_threads,vm_size_kb,vm_rss_kb,vm_swap_kb,min_page_faults,maj_page_faults,voluntary_context_switches,nonvoluntary_context_switches,total_read_bytes,total_write_bytes,read_syscalls,write_syscalls,net_rx_bytes,net_tx_bytes,net_rx_packets,net_tx_packets
2025-11-10 17:57:57,2952,0.00,0.00,0.00,4,5,1,12636,9504,0,9247,3,222,146,17244160,0,3155,406,56,94,0,0
2025-11-10 17:58:00,2952,0.00,0.00,0.00,4,5,1,12636,9504,0,9247,3,222,146,17244160,0,3155,406,57,94,0,0
2025-11-10 17:58:03,2952,0.00,0.00,0.00,4,5,1,12636,9504,0,9247,3,222,146,17244160,0,3155,406,59,94,0,0
2025-11-10 17:58:06,2952,0.00,0.00,0.00,4,5,1,12636,9504,0,9247,3,222,146,17244160,0,3155,406,62,94,0,0
2025-11-10 17:58:09,2952,0.00,0.00,0.00,4,5,1,12636,9504,0,9247,3,222,146,17244160,0,3155,406,63,94,0,0
2025-11-10 17:58:12,2952,0.00,0.00,0.00,4,5,1,12636,9504,0,9247,3,222,146,17244160,0,3155,406,63,94,0,0
2025-11-10 17:58:15,2952,0.00,0.00,0.00,4,5,1,12636,9504,0,9247,3,222,146,17244160,0,3155,406,63,94,0,0
2025-11-10 17:58:19,2952,0.00,0.00,0.00,4,5,1,12636,9504,0,9247,3,222,146,17244160,0,3155,406,63,94,0,0
2025-11-10 17:58:22,2952,0.00,0.00,0.00,4,5,1,12636,9504,0,9247,3,222,146,17244160,0,3155,406,63,94,0,0
2025-11-10 17:58:25,2952,0.00,0.00,0.00,4,5,1,12636,9504,0,9247,3,222,146,17244160,0,3155,406,63,94,0,0
2025-11-10 17:58:28,2952,0.00,0.00,0.00,4,5,1,12636,9504,0,9247,3,222,146,17244160,0,3155,406,63,94,0,0
2025-11-10 17:58:31,2952,0.00,0.00,0.00,4,5,1,12636,9504,0,9247,3,222,146,17244160,0,3155,406,63,94,0,0
2025-11-10 17:58:34,2952,0.00,0.00,0.00,4,5,1,12636,9504,0,9247,3,222,146,17244160,0,3155,406,63,96,0,0
